1:3,2,2,7,8,3,1,4,1,2,7,2,9,9,1,3,8,7,1,8,9,5,6,4,9,1,3,3,5,1
2:2,2,6,8,1,9,3,3,9,1,5,1,6,9,1,9,4,4,7,9,2,3,4,4,4,8,5,2,1,9
3:8,5,8,4,9,8,9,8,5,2,9,3,2,5,6,5,4,8,5,1,3,8,2,2,8,3,5,2,4,1
4:5,8,3,8,4,4,5,8,4,5,1,1,5,9,2,4,1,7,6,9,6,7,8,3,1,5,2,9,5,1
5:8,1,3,8,5,8,7,3,3,9,4,2,7,3,1,5,8,5,6,5,8,9,6,2,4,2,1,1,9,4
6:4,2,6,3,7,3,3,2,4,7,6,8,1,1,8,6,1,5,2,9,1,7,9,4,4,2,8,6,9,2
7:6,7,1,8,1,7,7,8,6,3,5,3,6,3,9,8,5,3,1,9,4,8,4,2,4,8,5,3,8,7
8:4,9,6,9,4,5,5,4,1,1,6,6,9,1,9,1,9,4,2,2,5,5,8,1,4,6,9,5,2,8
9:4,5,8,1,8,2,9,4,2,1,7,9,3,5,6,4,6,5,1,7,3,1,4,6,7,2,6,7,5,9
10:6,8,5,5,1,6,7,3,6,7,6,4,5,1,9,6,1,6,8,1,5,7,8,8,7,6,7,3,9,8
11:3,2,8,3,2,4,9,6,5,4,5,3,4,6,4,3,2,2,8,5,5,8,7,2,6,1,9,1,1,8
12:4,3,3,4,7,2,9,6,9,6,5,4,5,2,7,7,5,3,9,7,3,3,5,7,3,4,2,3,7,8
13:2,9,2,3,3,9,4,6,3,5,6,3,3,4,8,2,9,3,2,1,1,2,7,9,4,9,7,1,7,9
14:3,5,1,2,2,2,4,6,7,2,5,1,8,5,4,5,6,4,7,7,9,9,6,9,8,4,7,9,6,2
15:7,4,6,8,1,7,2,5,6,9,1,3,7,5,3,8,2,4,5,8,7,9,9,3,8,6,3,3,2,4
16:2,8,2,7,6,5,4,8,2,3,4,3,4,8,5,9,4,9,3,6,8,5,9,8,7,7,7,4,2,4
17:1,1,9,7,6,9,2,9,2,3,8,8,5,9,2,3,4,9,2,4,9,6,9,1,2,7,4,7,6,2
18:3,9,6,6,4,2,2,7,5,3,8,8,9,2,3,6,8,2,5,8,1,5,1,8,7,4,7,8,9,4
19:8,7,3,9,9,3,6,9,6,9,5,5,2,8,6,1,5,4,7,6,1,6,4,2,6,7,1,9,2,6
20:2,1,8,2,9,8,3,5,6,3,1,7,7,3,9,1,8,9,4,8,8,4,7,7,5,4,8,2,6,2
21:8,4,6,4,2,6,3,1,7,2,4,3,2,3,3,9,2,6,1,7,9,3,2,8,4,9,5,3,9,8
22:1,2,7,1,9,9,6,7,1,2,2,8,4,6,1,5,2,3,7,5,3,4,2,3,7,9,4,3,2,9
23:2,7,2,9,1,2,1,3,4,2,6,5,1,7,8,8,1,8,7,5,5,1,7,2,1,6,9,8,8,8
24:9,7,7,8,6,3,5,4,4,8,4,6,3,7,9,6,1,9,6,4,3,6,1,7,5,7,7,8,4,8
25:2,1,2,7,2,2,6,6,4,4,2,5,8,2,5,6,1,9,6,6,3,7,2,4,5,6,8,7,5,7
26:8,8,5,7,4,8,6,4,1,1,3,7,2,2,4,8,7,7,6,4,1,4,6,3,2,2,5,7,7,9
27:4,7,2,9,8,3,3,6,4,7,9,9,4,3,6,3,5,8,7,8,3,5,1,6,9,7,9,1,8,9
28:9,8,3,1,7,7,7,7,3,9,4,1,5,4,3,5,1,2,7,6,8,8,5,5,4,2,9,4,7,1
29:1,2,5,8,3,8,3,6,9,6,4,1,3,3,5,7,4,2,5,8,7,6,5,9,6,7,7,8,5,6
30:7,6,8,6,6,3,2,4,6,7,3,2,7,8,7,9,7,8,3,3,1,5,3,8,7,8,9,3,5,9
31:7,8,4,2,4,6,9,3,3,6,8,4,1,6,9,7,1,4,6,6,7,2,8,3,3,2,8,3,3,8
32:2,5,1,4,1,5,8,2,1,3,7,9,4,7,1,5,1,4,9,1,9,4,1,6,5,7,3,4,6,8
33:4,8,8,1,1,8,5,2,5,9,4,6,2,8,7,9,7,8,9,4,7,1,8,2,2,6,5,3,6,4
34:5,2,7,8,2,2,8,3,6,5,6,3,8,2,3,2,9,8,5,1,8,5,7,4,2,3,4,3,4,7
35:2,6,2,3,4,1,1,9,6,3,9,2,2,8,8,3,2,8,6,6,5,6,6,9,3,6,2,1,5,6
36:2,3,9,2,9,8,3,8,2,9,1,8,5,7,9,7,3,3,6,4,1,7,8,4,4,2,5,5,6,8
37:2,7,8,7,7,5,2,7,9,8,5,3,5,1,6,8,8,4,8,7,5,2,6,5,5,7,1,3,3,7
38:6,7,1,7,1,9,9,4,7,3,9,1,8,2,9,4,7,4,5,3,2,6,2,6,7,5,5,6,3,1
39:8,2,7,5,2,6,7,5,4,1,9,3,5,3,2,9,7,5,9,9,1,7,2,2,5,4,3,4,9,1
40:7,4,6,1,2,2,6,7,3,5,1,3,3,4,7,1,9,3,6,1,9,7,5,9,7,1,4,3,7,9
41:3,3,1,7,5,8,5,6,6,9,1,6,2,8,4,4,7,4,6,9,9,4,6,5,4,5,5,3,8,6
42:9,6,8,9,9,8,5,2,9,9,2,6,2,2,3,3,4,6,3,3,4,2,1,2,8,1,8,1,8,4
43:7,9,4,5,9,3,5,8,5,6,2,7,9,7,8,2,6,3,2,4,7,2,1,8,6,2,7,1,4,8
44:9,2,8,6,5,1,4,6,2,8,5,1,6,3,9,5,8,2,5,8,8,7,9,3,4,9,7,9,8,5
45:3,2,3,8,8,7,2,8,5,8,1,8,6,1,7,3,3,4,9,3,5,5,1,6,2,5,2,8,2,1
46:2,7,4,2,9,1,6,1,4,2,6,9,2,6,4,8,9,6,3,8,5,1,8,3,3,8,5,4,5,7
47:4,2,4,7,9,7,9,7,5,6,9,8,4,8,1,2,7,3,1,6,6,3,1,8,3,7,8,2,7,3
48:7,4,6,6,4,5,3,9,7,1,9,3,9,1,2,9,2,6,2,3,2,3,9,1,9,9,9,5,2,8
49:1,3,8,8,9,2,6,8,9,6,5,5,4,7,4,8,1,1,6,3,6,7,6,3,2,1,2,9,2,6
50:6,8,2,9,5,9,6,5,4,3,3,1,2,5,3,4,6,2,5,8,7,4,9,4,7,2,1,8,7,3
51:3,9,8,6,1,5,1,9,1,3,5,5,8,7,5,2,7,8,2,9,3,8,8,7,6,2,6,3,2,7
52:8,3,2,4,8,9,6,3,5,9,2,8,1,2,4,7,5,9,7,4,3,3,3,7,2,1,8,6,1,9
53:2,3,6,8,2,8,6,4,2,2,3,4,8,9,9,2,9,9,9,8,8,9,5,3,8,3,7,2,5,6
54:7,2,7,9,7,9,9,6,7,1,4,1,3,4,2,3,2,7,4,6,5,8,6,3,8,4,5,3,8,8
55:5,5,1,2,6,1,2,6,1,6,8,9,1,2,7,4,5,8,9,9,8,2,4,2,3,2,3,3,6,7
56:4,6,5,4,3,8,2,5,2,1,3,1,9,3,3,4,7,5,5,5,2,2,8,3,8,7,9,3,6,1
57:1,2,3,6,9,3,4,3,6,4,1,5,8,4,2,7,2,7,6,1,9,7,7,3,5,7,5,1,9,2
58:2,4,7,1,1,2,4,4,9,5,9,4,2,8,4,1,7,3,1,1,6,5,6,6,5,7,7,2,6,2
59:2,9,9,8,2,8,7,9,1,1,3,6,8,8,9,5,2,5,4,4,7,4,8,8,9,7,2,5,5,5
60:5,3,6,7,1,1,2,6,4,2,9,8,2,9,8,4,7,7,2,6,8,7,7,2,4,2,3,1,4,9
61:5,6,2,6,1,8,3,4,3,6,9,1,1,1,4,4,1,5,6,9,8,9,4,9,2,7,9,7,8,1
62:2,6,9,2,1,3,9,3,6,6,8,2,9,5,5,5,4,1,6,9,9,7,8,7,1,9,1,3,2,7
63:7,9,9,4,1,3,8,9,3,2,1,6,8,2,7,9,3,1,6,3,3,4,7,5,7,5,6,1,7,3
64:7,7,4,6,2,8,4,9,8,5,4,8,2,2,1,5,7,1,5,5,7,3,9,4,3,8,1,1,5,2
65:8,9,8,6,5,2,6,6,4,2,7,9,9,3,7,5,3,9,3,3,7,2,2,6,4,7,2,7,4,5
66:3,7,9,3,5,4,9,5,1,5,2,4,8,8,8,1,1,8,2,1,4,8,9,7,4,8,1,5,5,4
67:1,4,2,2,3,7,6,7,4,8,2,2,4,4,3,9,6,5,4,6,3,2,1,2,3,6,8,5,6,1
68:3,4,6,9,8,1,8,5,3,9,8,2,6,8,2,1,1,4,4,5,6,7,5,7,3,1,6,9,3,3
69:1,6,9,5,4,7,6,2,7,2,9,9,3,4,2,8,5,1,5,5,2,8,5,6,6,4,4,1,7,4
70:6,8,2,8,6,7,6,4,7,5,2,7,1,6,7,4,3,2,1,5,8,8,2,5,2,6,9,8,7,3
71:3,4,3,7,2,5,9,8,3,6,9,4,7,3,2,3,6,6,5,1,4,2,4,1,8,9,5,7,3,4
72:9,2,9,3,7,3,4,6,7,3,7,9,2,4,4,7,2,8,5,6,3,3,2,8,6,8,3,3,4,8
73:4,4,2,3,8,4,1,1,8,8,5,4,4,7,5,7,5,2,6,4,4,5,3,2,9,1,5,4,5,3
74:3,7,5,9,8,6,7,6,1,9,8,5,7,5,5,1,7,2,6,3,3,9,2,5,5,6,6,1,8,9
75:8,2,6,8,8,9,6,9,1,1,6,8,8,7,3,7,4,3,3,1,7,9,9,4,3,7,2,9,3,8
76:8,9,9,8,2,8,6,7,5,3,9,3,5,8,8,9,6,3,4,1,4,4,9,6,2,5,1,8,9,4
77:5,1,3,1,8,3,2,9,3,7,4,9,3,6,5,7,3,5,1,7,2,4,6,1,7,9,6,5,6,2
78:2,5,3,5,4,3,9,7,6,2,2,3,1,4,4,8,4,8,2,9,9,3,7,4,5,8,7,5,3,3
79:2,8,4,2,8,3,3,1,3,5,1,7,3,6,2,1,4,9,4,8,8,1,3,4,5,2,1,3,8,9
80:2,2,6,8,3,5,3,4,7,3,5,9,8,4,2,2,6,9,8,9,4,8,3,1,4,1,7,5,8,7
81:1,2,4,2,1,7,7,7,5,3,3,7,6,9,6,9,4,7,6,7,7,8,6,9,7,9,5,1,3,9
82:8,6,2,2,9,1,7,3,2,7,5,1,8,1,3,2,5,3,6,1,7,2,4,1,4,6,1,7,1,9
83:1,8,7,1,5,4,7,8,5,8,7,7,6,2,9,3,5,7,6,8,6,9,3,7,2,6,2,5,8,7
84:7,5,1,7,5,6,5,9,7,4,2,2,5,2,5,9,2,2,5,4,3,5,1,4,5,3,7,9,6,9
85:2,2,5,6,7,5,2,8,9,8,6,1,9,5,2,9,3,1,8,3,4,1,9,3,6,7,7,8,8,8
86:7,1,9,3,1,4,2,9,7,9,9,1,2,2,1,6,1,1,5,2,4,3,4,5,9,5,9,6,7,1
87:1,9,7,6,2,3,8,4,1,5,5,7,9,2,7,6,3,1,4,2,4,7,1,9,9,2,8,3,1,7
88:2,3,8,6,1,9,7,8,3,1,2,1,6,8,1,6,5,1,2,9,4,6,4,9,7,9,6,3,8,8
89:1,9,8,4,5,8,9,7,5,2,8,1,8,6,2,9,3,6,9,7,5,1,8,3,5,2,8,4,1,8
90:3,5,5,6,9,3,3,1,6,4,9,8,9,6,2,2,2,2,4,5,4,1,4,8,7,4,5,2,9,5
91:3,8,1,6,5,3,4,8,2,7,5,2,5,7,1,1,9,1,8,4,6,9,6,5,7,5,3,5,9,1
92:1,6,6,2,4,7,1,3,4,3,9,8,4,6,1,5,1,9,7,2,4,8,9,7,8,8,5,3,6,1
93:9,5,5,8,9,8,6,7,6,8,5,7,9,5,3,6,6,9,2,6,9,3,3,9,4,7,6,1,3,5
94:8,9,2,3,8,5,3,3,7,3,1,9,2,1,3,5,3,8,9,5,8,3,8,1,2,5,4,4,1,6
95:3,4,9,1,7,2,9,4,4,1,2,2,9,3,8,4,5,2,1,9,2,9,3,4,8,6,5,9,5,2
96:3,8,3,1,9,2,4,4,9,9,6,7,1,1,6,4,2,7,8,9,9,7,3,5,7,9,2,4,8,7
97:1,7,2,7,1,1,2,7,6,4,8,7,5,5,6,9,6,3,9,2,2,5,4,9,7,9,7,6,1,9
98:5,6,9,9,5,3,2,2,4,1,5,4,8,1,9,1,4,2,4,3,4,5,1,8,9,1,3,1,1,6
99:9,2,9,3,3,6,1,8,9,2,3,2,1,2,3,2,5,2,9,9,7,2,2,7,5,1,3,7,6,4
100:5,8,4,7,7,5,3,8,3,2,2,3,1,5,6,1,7,7,1,6,1,2,7,6,2,6,8,7,6,5