1:5,8,1,5,4,8,3,1,3,7,7,5,8,8,5,5,1,8,7,9,8,6,6,2,6,6,4,8,6,4
2:9,9,3,5,8,4,5,6,6,5,5,2,8,8,8,9,4,6,1,1,7,2,6,1,4,9,9,1,4,6
3:1,1,5,8,7,8,1,2,5,9,8,4,5,1,1,7,1,8,5,9,9,9,2,4,6,4,1,9,7,5
4:5,6,6,1,9,9,4,4,3,6,1,4,7,2,7,5,6,5,6,5,8,3,8,7,1,7,6,8,3,2
5:4,4,7,3,9,9,9,5,4,6,4,3,2,9,4,7,1,8,1,4,6,5,5,2,1,1,3,4,5,6
6:4,4,4,8,9,2,1,9,7,4,8,6,7,3,7,3,8,8,2,4,2,2,8,5,6,7,5,6,7,8
7:6,6,8,7,5,6,5,1,8,3,4,5,2,9,5,8,6,5,8,6,4,2,9,7,7,9,8,9,8,2
8:1,2,1,8,6,8,9,8,6,1,9,9,6,2,7,4,1,7,4,4,8,3,5,9,7,6,9,1,4,7
9:5,8,2,1,1,9,2,8,9,2,1,7,8,2,6,2,9,5,1,4,4,1,6,4,9,6,8,4,6,3
10:1,4,8,5,9,2,9,7,6,2,3,8,7,1,8,1,7,5,9,5,3,8,2,1,3,1,8,8,4,4
11:3,6,8,6,1,7,1,7,6,5,6,6,6,6,4,1,9,3,2,6,2,5,5,7,9,6,2,4,2,5
12:4,7,6,3,3,7,2,9,3,7,7,7,4,6,1,2,5,1,7,2,5,1,5,8,6,9,9,1,8,3
13:4,6,4,8,5,3,5,8,3,2,6,5,2,8,7,5,6,1,6,6,4,8,6,6,6,7,6,9,4,1
14:7,7,9,5,9,7,8,6,6,4,1,5,3,2,2,7,1,5,3,9,1,8,7,4,4,9,3,6,4,9
15:3,3,6,7,9,9,6,8,1,3,7,8,6,2,5,4,6,1,2,4,9,3,8,7,4,6,9,7,7,3
16:5,5,9,8,6,2,5,7,4,6,4,3,6,6,8,6,5,8,2,1,1,9,3,9,4,5,5,2,9,2
17:1,6,9,5,5,9,9,4,9,4,8,1,9,3,6,4,3,4,9,2,5,9,6,6,1,2,8,9,7,7
18:5,8,2,6,8,6,7,2,5,9,4,7,7,9,2,8,8,4,6,5,1,6,2,2,3,2,7,8,4,1
19:7,6,8,3,4,9,8,2,8,3,9,1,3,9,8,4,6,4,6,3,4,2,6,7,6,9,8,9,2,3
20:2,5,6,5,3,4,1,9,1,4,2,6,3,3,1,5,1,3,7,8,9,6,6,7,8,5,4,3,9,7
21:4,1,2,1,7,4,9,1,6,1,1,8,1,8,3,2,3,1,9,2,6,1,5,6,2,6,8,8,7,3
22:6,8,3,9,9,1,3,3,4,5,9,8,5,7,4,2,4,2,4,8,6,2,1,5,4,5,8,1,3,2
23:8,5,6,4,8,8,5,3,1,1,3,7,2,1,2,1,2,2,3,7,1,2,2,9,8,1,5,1,6,1
24:3,3,3,7,9,7,8,4,1,6,3,8,6,9,5,2,6,3,6,6,2,3,4,7,9,1,8,5,1,1
25:7,2,7,7,5,4,3,9,8,8,7,9,1,3,2,2,6,9,2,8,1,5,4,9,3,3,1,1,7,4
26:3,4,1,5,5,2,9,2,1,8,8,3,8,1,8,6,6,7,3,8,2,5,8,4,9,5,7,8,7,3
27:5,9,7,5,7,4,6,2,3,6,2,3,7,9,5,5,7,4,7,2,7,1,1,8,4,1,3,3,1,3
28:5,2,5,7,3,7,5,8,6,3,7,5,7,5,5,4,5,8,3,5,6,9,5,1,2,3,9,9,2,6
29:5,2,6,3,7,6,2,4,5,3,4,2,1,9,7,3,6,4,6,9,8,9,4,9,6,2,1,1,4,4
30:4,3,9,5,3,6,4,1,1,9,8,3,1,6,2,4,8,4,9,3,2,7,1,3,9,8,1,1,2,2
31:6,3,9,2,7,7,1,3,2,7,5,7,5,6,9,9,8,7,9,1,6,9,2,6,6,5,2,6,7,3
32:3,7,3,5,1,3,6,6,6,4,9,5,4,6,9,5,9,9,5,7,8,7,6,7,9,8,7,3,1,8
33:4,3,4,1,3,6,2,5,5,4,8,6,8,7,6,9,1,1,9,2,8,5,4,8,2,2,7,2,5,3
34:8,8,4,8,4,3,5,2,1,7,7,4,4,8,1,1,4,2,8,1,6,8,6,9,1,2,3,3,8,4
35:5,1,6,9,4,3,4,4,9,5,1,2,8,1,8,9,4,1,8,4,7,6,3,4,2,5,9,1,8,3
36:4,7,4,6,7,3,5,9,3,1,1,5,7,6,3,4,6,9,9,9,8,3,4,9,1,8,8,6,8,6
37:4,4,9,8,1,9,1,4,7,2,8,9,5,3,7,9,5,4,4,7,6,5,2,1,1,3,2,7,1,2
38:3,6,7,6,1,7,1,7,6,5,6,6,6,6,4,1,9,3,2,6,2,5,5,7,9,6,2,4,2,4
39:5,8,5,7,5,1,7,6,2,9,3,8,1,6,6,7,9,3,1,3,8,7,6,1,2,1,3,9,2,2
40:7,2,1,5,8,2,4,5,9,6,1,4,3,5,4,1,6,8,9,1,2,4,9,9,9,5,7,7,3,8
41:4,1,9,3,7,1,6,6,6,8,3,2,5,9,7,7,7,4,6,7,7,3,5,8,2,8,2,1,6,5
42:8,2,3,1,1,4,5,5,7,8,4,7,9,5,4,2,8,8,9,3,7,3,4,4,8,1,6,1,4,1
43:9,6,8,1,9,3,3,7,5,8,9,6,9,4,8,8,7,5,2,3,7,3,1,7,7,1,5,2,1,3
44:2,3,7,6,1,4,6,8,2,2,9,1,5,4,4,7,3,3,2,6,6,9,1,7,5,2,4,2,8,8
45:9,1,4,9,9,1,1,6,2,5,3,5,1,3,5,6,1,3,7,1,3,7,5,1,2,5,8,5,7,1
46:2,9,8,7,7,3,9,6,5,7,1,7,6,2,1,1,4,7,2,1,1,3,8,4,7,3,4,6,4,9
47:5,2,5,6,5,6,7,8,4,8,1,7,1,7,3,6,6,9,7,6,8,5,9,4,9,6,4,7,2,5
48:6,3,9,2,7,7,1,3,2,7,5,7,5,6,9,9,8,7,9,1,6,9,2,6,6,5,2,6,7,3
49:7,3,4,4,1,1,5,8,7,8,8,1,1,5,2,8,2,9,5,1,3,6,5,9,8,8,7,2,9,4
50:2,7,8,7,1,1,7,2,7,8,8,6,5,3,8,8,2,4,4,8,3,6,2,4,1,8,5,1,2,3
51:1,6,3,3,3,4,6,5,8,6,2,5,3,3,9,3,1,7,1,6,9,6,1,7,1,9,7,8,1,8
52:9,7,8,4,1,7,4,4,7,5,7,6,4,8,1,3,8,1,4,2,6,7,4,7,6,9,8,9,9,6
53:2,6,8,7,8,7,9,6,5,5,2,2,9,1,1,5,4,8,4,4,5,6,2,7,3,8,8,3,6,4
54:9,2,6,9,1,5,3,3,8,1,9,6,2,2,5,6,4,9,8,5,8,2,7,2,7,2,3,1,8,2
55:4,6,1,6,4,9,4,1,5,4,2,3,6,9,8,6,6,4,5,6,1,1,8,6,2,6,5,2,8,4
56:7,8,4,3,3,1,4,4,9,4,5,6,3,5,2,3,3,5,8,8,8,3,3,7,1,7,8,8,2,6
57:7,3,4,4,1,1,5,8,7,8,8,1,1,5,2,8,2,9,5,1,3,6,5,9,8,8,7,2,9,4
58:2,5,3,5,6,6,7,3,3,1,7,6,8,4,5,4,5,1,1,5,9,7,4,5,7,9,9,2,2,2
59:1,9,5,1,4,5,2,6,5,9,5,9,5,8,5,1,6,9,9,8,6,1,1,8,9,8,4,3,9,8
60:3,5,9,9,1,4,5,5,5,1,4,5,1,8,3,7,9,7,3,2,5,5,6,6,2,5,2,4,4,1
61:1,4,3,5,5,5,4,3,8,7,4,4,8,7,3,3,6,9,1,1,1,6,9,8,3,8,7,1,4,4
62:1,5,4,8,9,7,1,1,6,9,5,6,8,2,1,4,1,3,2,3,8,7,8,6,9,1,8,6,2,3
63:2,6,5,1,1,2,7,4,9,5,7,1,9,1,4,1,9,2,8,4,3,1,9,7,4,7,4,8,6,2
64:2,4,4,7,2,6,3,5,3,3,2,8,6,9,5,9,8,3,9,8,6,4,9,1,5,2,4,6,4,9
65:9,1,4,9,9,1,1,6,2,5,3,5,1,3,5,6,1,3,7,1,3,7,5,1,2,5,8,5,7,3
66:2,9,4,6,3,1,9,5,2,8,8,2,3,7,3,1,1,9,2,3,4,7,7,6,9,6,1,2,9,3
67:6,7,3,7,3,6,6,9,2,4,2,6,8,9,2,4,9,8,1,5,6,8,2,8,8,4,1,7,2,7
68:2,1,9,3,8,7,5,7,6,3,4,7,6,6,6,4,9,5,1,2,6,9,7,2,2,7,4,8,7,9
69:9,3,4,7,9,2,6,9,6,5,9,2,8,2,4,3,9,1,4,5,4,7,9,4,6,3,1,5,5,1
70:5,6,6,1,9,9,1,4,3,6,1,4,7,2,7,5,6,5,6,5,8,3,8,7,1,7,6,8,3,2
71:6,8,6,7,9,5,5,2,7,9,1,7,8,7,8,1,8,4,6,4,9,3,2,4,2,6,5,1,1,1
72:7,7,3,2,1,4,7,8,2,7,4,1,2,1,4,7,2,4,6,4,6,6,5,4,6,5,8,3,6,8
73:9,6,2,2,4,5,3,8,6,8,3,9,6,2,2,4,2,9,2,4,9,3,9,2,5,5,4,3,9,6
74:8,1,6,4,9,1,5,6,9,9,9,2,4,5,9,3,9,8,8,1,8,7,3,9,2,7,5,5,1,5
75:1,4,5,2,1,6,8,4,3,6,1,1,2,2,9,2,9,8,5,8,4,1,5,8,9,1,3,6,9,3
76:9,2,1,9,1,3,8,6,3,8,9,7,4,9,9,7,6,2,8,5,2,6,4,9,3,4,1,1,9,2
77:3,8,1,6,9,1,3,4,4,5,5,8,2,9,7,6,9,4,2,4,4,6,3,2,8,8,5,1,4,8
78:9,7,9,6,2,8,8,3,8,6,4,5,5,9,5,3,4,7,6,6,4,9,7,6,4,4,5,3,3,7
79:8,2,7,2,3,4,3,7,5,3,2,1,5,9,8,7,6,7,9,1,7,8,7,8,6,9,4,7,5,3
80:9,9,5,5,8,9,9,5,8,2,7,8,7,6,9,5,8,5,5,1,5,3,1,5,1,6,4,2,6,4
81:4,6,6,2,4,5,2,5,6,2,5,9,7,7,5,4,2,7,4,6,1,1,2,9,6,1,9,9,1,2
82:2,8,8,8,5,6,9,2,8,5,3,2,2,3,3,8,2,9,9,4,1,8,5,3,8,4,9,3,4,5
83:5,6,4,4,9,9,8,9,8,6,2,7,8,7,1,2,7,6,6,9,5,7,6,2,2,1,3,5,3,4
84:9,7,9,7,8,1,4,3,6,7,1,1,6,7,2,9,9,8,7,5,9,3,3,4,2,3,4,8,8,7
85:1,1,2,8,8,3,5,8,4,4,1,5,6,6,8,7,6,2,3,2,3,6,7,5,3,6,6,5,3,7
86:5,7,7,5,7,9,6,4,9,9,5,7,5,4,8,7,8,3,8,6,4,5,9,9,6,9,2,1,2,4
87:4,8,1,9,6,4,5,4,7,6,9,7,6,2,6,2,6,1,2,2,6,5,4,1,2,6,6,2,4,7
88:8,2,3,1,1,4,5,5,7,8,4,7,9,5,4,2,8,8,9,3,7,4,4,4,8,1,6,1,4,5
89:9,8,1,9,4,1,8,4,7,1,3,7,3,8,9,3,9,2,4,6,9,3,7,7,3,2,4,7,2,5
90:9,4,8,5,6,8,8,2,2,7,7,5,8,2,3,4,5,5,6,3,3,3,7,8,4,1,3,3,4,9
91:4,3,4,5,6,8,5,7,3,7,2,6,2,9,5,4,1,8,8,3,2,4,1,7,6,4,5,3,8,7
92:5,4,3,4,4,2,5,7,9,1,6,5,5,7,7,2,5,6,9,5,4,4,9,9,2,6,6,4,3,9
93:6,9,9,7,6,6,7,1,9,6,7,9,4,7,4,5,5,6,4,9,1,6,6,7,9,3,9,1,2,4
94:9,9,3,5,8,4,5,6,6,5,5,2,8,8,8,9,4,6,1,1,7,2,6,1,4,9,9,1,4,7
95:3,6,6,8,8,5,8,7,2,5,9,2,1,3,7,7,6,6,5,7,9,6,3,2,6,3,5,6,5,2
96:6,4,9,2,8,2,2,3,1,7,2,7,8,3,7,1,8,6,8,5,7,7,5,9,3,3,7,4,7,8
97:4,4,9,8,1,9,1,4,7,2,8,9,5,3,7,9,5,4,4,7,6,5,2,1,1,3,2,7,1,2
98:4,7,4,6,7,3,5,9,3,1,1,5,8,6,3,4,6,9,9,9,8,3,4,9,1,8,8,6,8,6
99:4,8,7,2,7,9,5,9,1,1,5,5,5,1,2,5,5,4,5,9,4,7,3,1,8,6,9,4,9,6
100:5,7,2,9,2,6,1,1,4,6,1,7,9,3,8,9,9,3,9,5,4,3,5,2,9,3,5,3,6,6
101:2,8,2,3,5,7,4,1,7,8,8,6,8,2,6,3,8,7,4,3,4,6,5,3,7,9,8,7,3,2
102:7,6,2,3,2,5,5,6,7,8,4,8,7,2,1,5,7,2,4,4,7,9,2,7,3,3,2,6,5,8
103:6,8,3,9,9,2,5,3,9,4,9,2,1,4,2,8,2,7,1,7,4,1,9,5,4,3,4,4,6,5
104:9,7,9,7,8,1,4,3,6,7,1,1,6,7,2,9,9,8,7,5,9,3,3,4,2,3,4,8,8,5
105:7,4,4,3,5,8,9,1,5,6,5,2,7,7,7,4,8,4,6,6,2,8,4,3,6,5,1,5,4,7
106:4,9,9,2,9,7,8,5,6,4,4,1,5,2,9,5,8,9,2,3,8,6,7,7,8,6,7,7,6,7
107:4,7,4,6,7,3,5,9,3,1,1,5,7,6,3,4,6,9,9,9,8,3,4,9,1,8,8,6,8,6
108:5,1,6,9,4,3,4,4,9,5,1,3,8,1,8,9,4,1,8,4,7,6,3,4,2,5,9,1,8,7
109:3,7,9,3,4,1,5,8,5,7,3,2,4,8,6,6,2,7,1,7,7,2,1,1,8,3,2,6,7,5
110:4,1,7,6,1,7,6,7,7,1,5,8,8,8,1,4,6,6,8,6,5,8,4,3,4,2,7,6,1,9
111:8,7,1,1,9,9,7,1,8,1,8,9,1,2,5,2,4,4,9,7,4,4,2,2,7,1,6,9,8,5
112:6,9,9,7,6,6,7,1,9,6,7,9,4,7,4,5,5,6,4,9,1,6,6,7,9,3,9,1,2,4
113:8,9,2,7,4,8,5,8,8,6,6,1,8,3,4,2,5,2,1,8,9,3,7,6,2,6,6,1,8,2
114:5,6,4,2,8,2,5,9,9,7,1,6,2,8,6,8,3,8,9,7,2,3,5,8,7,8,7,5,8,6
115:8,4,5,6,8,2,1,9,8,5,7,8,5,1,1,5,3,9,7,3,6,2,9,6,2,2,5,2,5,8
116:7,9,2,7,7,7,9,2,5,4,4,2,7,7,5,3,2,5,7,5,5,3,8,5,6,4,8,9,4,7
117:7,3,8,6,7,5,9,1,4,1,6,4,5,8,9,1,2,7,7,1,1,1,5,1,5,9,8,5,8,1
118:1,7,5,8,6,9,1,5,5,8,1,6,5,4,5,6,1,3,3,3,2,5,2,6,1,1,3,3,9,8
119:6,3,7,7,4,2,1,7,6,3,1,3,8,4,5,3,4,5,8,9,5,3,9,8,6,4,4,2,6,9
120:6,1,6,1,8,1,5,4,2,8,3,9,8,6,9,8,3,5,3,7,3,2,7,9,5,8,3,3,6,8
121:3,9,3,9,8,7,8,7,5,9,8,4,1,2,3,4,7,6,1,3,5,9,2,3,2,5,5,7,4,2
122:7,3,8,6,7,5,9,1,4,1,6,4,5,8,9,1,2,7,7,1,1,1,5,1,8,9,8,5,8,2
123:9,2,5,1,5,2,8,3,3,1,4,9,1,3,2,3,4,3,8,5,9,1,1,7,4,7,8,6,1,9
124:3,2,5,2,4,4,4,1,2,2,8,6,6,5,4,9,4,5,1,2,3,2,9,2,5,5,7,6,9,5
125:5,1,2,8,4,8,2,9,9,8,9,1,1,7,5,5,8,1,8,2,4,7,5,5,3,9,6,7,7,6
126:5,7,7,5,7,9,6,4,9,9,5,7,5,4,8,7,8,3,8,6,4,5,9,9,6,9,2,1,2,2
127:1,6,2,3,2,2,2,6,9,6,5,5,1,5,2,3,7,6,8,1,6,3,8,9,7,6,3,6,1,4
128:4,3,8,8,1,1,9,3,9,6,5,1,3,3,4,4,2,9,6,3,4,8,4,7,3,4,3,6,3,2
129:6,7,4,3,8,9,7,1,9,6,8,9,4,3,1,7,2,6,1,4,1,2,5,6,7,3,6,5,8,3
130:9,6,3,7,6,7,2,3,7,6,3,8,6,9,6,7,7,1,9,4,8,6,4,6,6,9,3,2,6,4
131:3,7,3,5,1,3,6,6,6,4,9,5,4,6,9,5,9,2,5,7,8,7,6,7,9,8,7,3,1,8
132:6,6,2,6,5,4,4,9,2,8,8,4,4,3,4,2,3,2,5,6,1,5,3,9,4,3,3,3,1,4
133:3,2,2,4,4,5,7,3,6,5,8,2,4,4,5,2,3,8,8,5,8,3,3,8,2,2,5,7,1,7
134:7,1,4,6,4,3,4,7,6,9,2,4,1,4,2,6,2,4,7,7,5,5,4,2,8,1,6,4,7,7
135:9,7,7,6,2,7,2,5,7,6,5,3,8,3,1,4,9,9,1,2,9,8,8,4,5,7,4,2,9,8
136:6,6,2,6,5,4,4,9,2,8,8,4,4,3,4,2,3,2,5,6,9,5,3,9,4,3,3,3,1,4
137:5,8,2,3,5,1,1,8,3,8,8,7,2,4,9,2,5,8,9,1,8,9,5,7,9,9,1,1,3,6
138:5,4,3,4,4,2,5,7,9,1,6,5,5,7,7,2,6,6,9,5,4,4,9,9,2,6,6,4,3,7
139:3,6,9,9,2,8,4,5,3,7,1,9,2,9,1,2,6,7,2,1,7,3,4,2,1,4,9,2,3,9
140:4,2,2,2,6,5,8,3,4,4,7,3,9,1,3,4,3,7,3,4,6,1,2,2,5,3,3,1,9,5
141:1,1,8,8,5,7,1,3,1,7,5,9,7,2,6,8,9,1,4,2,2,4,1,7,4,5,1,8,5,7
142:4,5,7,5,7,2,5,9,3,2,1,3,4,1,4,1,8,7,3,1,8,3,1,1,1,7,8,8,8,1
143:9,3,4,7,9,2,6,9,6,5,9,2,8,2,4,3,9,1,4,5,4,7,9,4,6,3,1,5,5,3
144:1,9,3,4,6,7,2,2,1,9,6,7,1,3,3,6,7,8,8,6,2,5,5,6,2,8,7,7,6,6
145:6,9,9,7,6,6,7,1,9,6,7,9,4,7,4,5,5,6,4,9,1,6,6,7,9,3,9,1,2,1
146:1,9,4,6,3,9,3,1,3,7,5,8,2,4,8,6,6,9,2,4,5,9,6,8,8,6,9,1,4,9
147:3,6,2,1,7,5,1,3,5,5,2,9,9,5,2,5,5,2,3,4,8,7,2,8,8,8,3,3,8,1
148:5,2,6,3,7,6,2,4,5,3,4,2,1,9,7,3,6,4,6,9,8,9,4,9,6,2,1,1,4,5
149:9,7,6,1,4,6,7,4,5,5,1,5,2,2,2,6,5,6,8,9,1,6,1,3,2,8,3,6,4,7
150:7,8,4,3,3,1,4,4,9,6,5,6,3,5,2,3,3,5,8,8,8,3,3,7,1,7,8,8,2,3
151:9,5,1,3,6,7,6,1,4,2,3,7,8,1,1,8,6,3,3,2,3,6,1,5,6,5,5,8,4,8
152:1,9,6,5,2,6,6,2,7,5,8,4,5,8,7,8,9,9,8,1,2,3,4,5,3,9,3,4,5,7
153:3,4,4,7,2,9,9,3,9,5,9,8,5,6,5,9,1,8,4,8,8,5,8,3,9,7,4,9,2,5
154:5,6,3,7,1,4,6,8,7,6,7,8,3,8,6,5,2,1,6,2,9,9,8,8,9,4,6,5,8,1
155:2,3,8,8,7,8,3,8,3,4,6,4,6,9,7,6,3,8,7,8,9,7,2,8,5,2,3,7,6,1
156:4,4,2,7,5,2,3,6,3,5,1,9,3,8,7,9,5,3,3,2,4,1,3,5,5,3,5,8,6,2
157:1,4,2,4,4,4,6,9,5,9,1,3,8,5,6,3,9,2,2,6,8,7,2,2,2,4,7,4,9,2
158:2,6,8,7,8,7,9,6,5,5,2,5,9,1,1,5,4,8,4,4,5,6,2,7,3,8,8,3,6,4
159:1,7,5,8,9,9,1,5,5,8,1,6,5,4,5,6,1,3,3,3,2,5,2,6,1,1,3,3,9,9
160:1,4,7,3,1,9,4,5,3,7,3,5,8,7,6,5,7,1,4,8,9,8,1,1,9,4,9,7,1,5
161:7,7,3,9,3,8,7,6,9,2,7,6,2,1,4,4,7,7,4,6,9,9,9,9,9,4,7,6,5,2
162:9,6,2,7,7,1,3,5,5,1,7,3,9,3,3,5,3,7,2,9,5,4,5,2,4,1,2,6,2,6
163:1,8,3,8,2,8,8,2,5,7,1,7,5,9,7,5,3,1,3,2,9,9,4,5,2,7,5,2,7,4
164:6,7,2,9,1,6,6,9,7,1,6,4,3,2,3,2,8,4,1,7,6,4,3,2,1,6,5,5,5,3
165:4,5,6,9,6,1,6,7,9,5,4,5,8,7,6,6,7,9,6,2,1,5,8,6,6,6,1,3,5,2
166:4,4,2,7,5,2,3,6,1,5,1,9,3,8,7,9,5,3,3,2,4,1,3,5,5,3,5,8,6,6
167:1,6,2,3,2,2,2,6,9,6,5,5,1,5,2,3,7,6,8,1,6,3,8,9,7,6,3,6,1,9
168:3,9,1,3,1,7,4,6,2,8,4,7,5,7,4,4,2,3,2,1,5,7,8,3,8,6,8,9,5,6
169:8,8,5,2,4,3,2,5,6,6,7,6,2,9,5,5,6,4,8,5,4,2,3,2,9,1,1,1,9,6
170:9,6,8,1,9,3,3,7,5,8,9,6,9,4,4,8,7,5,2,3,7,3,1,7,7,1,5,2,1,3
171:4,8,1,9,6,4,5,4,7,6,9,7,6,2,6,2,6,1,2,2,6,5,4,1,2,6,6,2,4,6
172:2,9,6,3,3,8,4,7,5,8,7,1,8,7,8,9,7,3,2,9,4,4,3,2,5,9,3,5,4,3
173:1,6,7,3,3,5,5,1,6,3,8,6,8,4,1,1,7,1,8,3,7,9,1,5,6,2,3,6,1,2
174:6,3,7,8,4,8,3,6,7,2,2,5,1,4,6,1,8,2,1,6,2,2,6,6,3,1,4,5,2,7
175:2,6,8,7,8,7,9,6,5,5,2,5,9,1,1,5,4,8,4,4,5,6,2,7,3,8,8,3,6,9
176:8,8,4,8,4,3,5,2,1,7,7,4,4,8,1,1,4,2,8,6,6,8,6,9,1,2,3,3,8,4
177:2,2,8,5,7,7,4,8,6,3,1,1,7,3,2,7,5,8,7,8,9,8,3,7,7,3,9,4,3,5
178:4,3,5,7,1,7,9,2,1,5,2,6,7,3,8,1,5,4,4,1,4,3,8,8,9,2,8,2,2,5
179:1,8,3,8,2,8,8,2,5,7,1,7,5,9,7,5,3,1,3,2,9,9,4,5,2,7,5,2,7,9
180:3,5,9,8,9,4,5,1,8,7,3,7,4,9,1,8,1,4,3,7,5,6,9,1,5,1,3,3,8,3
181:8,7,1,1,9,9,7,1,8,1,6,9,1,2,5,2,4,4,9,7,4,4,2,2,7,1,6,9,8,5
182:5,1,6,9,4,3,4,4,9,5,1,2,8,1,8,9,4,1,8,4,7,6,3,4,2,5,9,1,8,7
183:4,4,5,2,8,8,1,5,9,5,9,9,3,7,2,2,5,5,1,7,9,1,3,3,5,2,6,7,2,7
184:8,9,2,7,4,8,5,8,8,6,6,1,8,3,4,2,5,2,1,8,9,3,7,2,2,6,6,1,8,2
185:3,2,4,9,2,6,3,2,4,3,9,3,4,7,3,7,6,7,3,2,6,9,8,2,2,5,9,3,7,1
186:9,7,9,6,2,8,8,3,8,6,4,5,1,9,5,3,4,7,6,6,4,9,7,6,4,4,5,3,3,7
187:9,8,1,9,4,1,8,4,7,1,3,7,3,8,9,3,9,2,4,6,9,3,7,7,3,2,4,7,2,4
188:9,4,3,9,5,8,1,9,4,3,2,7,2,6,5,3,1,6,1,4,6,2,9,1,8,1,7,2,7,3
189:1,4,5,2,1,4,8,4,3,6,1,1,2,2,9,2,9,8,5,8,4,1,5,8,9,1,3,6,9,8
190:9,8,1,9,4,1,8,4,7,1,3,7,3,8,9,3,9,2,4,6,9,3,7,7,6,2,4,7,2,4
191:7,7,3,9,3,8,7,6,9,2,7,6,2,1,4,4,5,7,4,6,9,9,9,9,9,4,7,6,5,2
192:4,7,6,3,5,7,6,8,8,3,7,8,9,6,7,8,7,9,9,3,2,2,7,1,6,1,3,4,2,9
193:1,3,2,8,5,1,9,2,4,5,2,2,8,1,8,1,4,5,6,1,8,4,1,4,6,2,9,7,3,4
194:4,9,2,7,9,4,8,1,7,8,7,3,7,6,2,8,9,8,6,1,1,4,8,3,5,1,8,9,8,8
195:5,6,3,7,1,4,6,8,7,6,7,8,3,8,6,5,2,1,6,2,9,9,8,8,9,4,6,5,8,1
196:4,4,5,1,7,7,3,8,5,6,1,6,2,2,7,5,7,9,8,9,3,8,5,7,6,7,1,8,5,3
197:9,5,3,5,7,1,7,9,8,6,3,5,4,7,7,6,3,6,8,3,6,6,8,5,3,1,1,5,3,3
198:2,4,8,4,7,7,5,5,8,7,1,6,1,8,4,7,2,4,8,5,7,7,9,1,1,1,5,7,4,8
199:7,5,4,4,5,5,3,3,5,9,4,6,1,4,2,8,5,2,6,2,6,3,9,2,1,4,4,3,9,1
200:3,5,1,4,9,7,8,3,1,4,5,2,4,6,4,1,7,5,1,3,4,4,9,7,5,1,2,8,4,3
201:5,8,5,7,5,1,7,6,2,9,3,8,1,6,6,7,9,3,1,3,8,7,6,1,2,1,3,9,2,9
202:7,1,3,8,2,8,2,9,8,6,1,3,5,6,7,4,8,8,1,8,4,4,3,1,3,9,5,9,3,5
203:6,6,6,4,3,8,7,5,5,8,6,5,8,4,8,5,2,9,2,1,3,6,2,2,5,2,6,9,9,9
204:5,2,6,3,7,6,2,4,5,3,4,2,1,9,7,3,6,4,6,9,8,9,4,9,1,2,1,1,4,5
205:1,7,7,6,2,8,8,2,6,9,5,3,8,2,4,7,6,5,2,6,7,6,4,1,9,5,4,8,5,3
206:1,7,5,8,9,9,1,5,5,8,1,6,5,4,5,6,1,3,3,3,2,5,2,6,1,1,3,3,9,8
207:3,8,1,6,9,1,3,4,4,5,5,8,2,9,7,6,9,4,2,4,4,6,3,2,8,8,5,1,4,8
208:8,6,5,6,3,9,7,7,9,9,8,1,4,9,9,9,4,5,5,6,9,6,3,5,3,7,9,4,7,6
209:2,4,8,8,2,4,8,6,4,8,3,7,5,9,8,2,4,4,3,5,3,6,2,6,5,9,9,1,9,6
210:6,3,9,2,7,7,1,3,2,7,5,7,5,6,9,9,8,7,9,1,6,9,2,6,6,5,2,6,7,6
211:4,3,9,5,3,6,4,1,1,9,8,3,1,6,2,4,8,4,9,3,2,7,1,3,9,8,1,1,2,2
212:4,8,7,6,5,3,7,1,3,2,8,3,2,1,3,1,6,7,8,1,3,2,4,6,4,8,8,9,6,7
213:6,3,7,7,4,2,1,7,6,3,1,3,8,4,5,3,4,5,8,9,5,3,9,8,6,4,4,2,6,5
214:1,2,5,4,7,3,3,9,4,2,9,6,5,5,6,3,2,3,3,9,6,4,6,7,5,3,4,6,8,6
215:7,5,5,2,9,8,2,7,6,1,1,3,8,5,9,5,4,7,3,3,9,4,8,2,7,2,3,3,4,8
216:5,8,5,7,5,1,7,6,2,9,3,8,1,6,6,7,9,3,1,3,8,7,2,1,2,1,3,9,2,9
217:1,1,2,6,2,1,4,8,4,7,3,4,8,9,8,4,7,8,3,1,7,4,3,6,2,1,9,8,8,1
218:2,3,5,2,9,3,8,5,1,3,4,3,6,1,4,1,1,3,1,9,7,5,4,8,4,5,3,3,1,3
219:3,3,5,9,6,1,6,2,8,7,3,3,3,5,8,2,1,6,7,2,2,5,1,8,3,5,2,1,8,5
220:4,1,9,3,7,1,6,6,6,8,3,2,5,9,7,7,7,4,6,7,7,3,5,8,2,8,2,1,6,1
221:3,6,6,8,8,5,8,7,2,5,9,2,1,3,7,7,6,6,5,7,9,6,6,2,6,3,5,6,5,2
222:6,7,2,9,1,6,6,9,6,1,6,4,3,2,3,2,8,4,1,7,6,4,3,2,1,6,5,5,5,3
223:2,9,3,8,5,4,3,6,4,6,3,3,7,4,9,2,1,9,3,8,4,1,9,8,1,6,6,1,9,6
224:6,8,3,6,5,1,7,2,6,3,7,9,7,8,3,9,9,4,3,8,1,2,9,1,5,6,9,5,1,6
225:1,6,2,3,2,2,2,6,9,6,5,5,1,5,2,3,7,6,8,1,6,3,8,9,7,6,3,6,1,4
226:3,7,3,5,1,3,6,6,6,4,9,5,4,6,9,5,9,2,5,7,8,7,6,7,9,8,7,3,1,9
227:8,4,9,3,3,4,7,5,5,1,8,1,2,2,3,8,7,3,8,2,6,1,5,9,4,5,3,8,1,9
228:3,4,2,3,6,2,1,9,1,7,7,1,6,9,8,4,7,6,1,1,6,5,9,1,7,1,7,1,7,9
229:4,3,4,1,3,6,2,5,5,4,8,6,8,7,6,9,1,1,9,2,8,5,4,8,2,2,7,2,5,3
230:1,6,7,3,6,5,5,1,6,3,8,6,8,4,1,1,7,1,8,3,7,9,1,5,6,2,3,6,1,2
231:9,5,4,2,6,8,1,8,8,5,5,5,8,2,6,1,5,5,7,8,4,1,6,2,3,5,6,9,4,5
232:3,7,3,3,3,3,9,2,1,9,3,8,4,3,9,6,4,2,5,9,9,5,6,5,8,2,7,8,2,3
233:4,3,9,5,3,6,4,1,1,9,8,3,1,6,2,4,8,4,9,3,2,7,1,3,9,8,1,1,2,2
234:5,9,2,2,8,8,9,1,3,4,6,4,2,7,2,7,5,4,5,9,6,3,8,2,4,4,3,3,2,2
235:1,9,3,4,6,7,2,2,1,9,6,7,1,3,3,6,7,8,8,6,2,5,5,6,2,8,7,7,6,6
236:6,4,7,3,9,8,4,1,9,8,9,6,4,1,4,2,2,3,5,4,1,2,6,1,6,8,5,1,1,3
237:9,9,3,5,8,4,5,6,6,5,5,2,8,8,8,9,4,6,1,1,7,2,6,1,4,9,9,1,4,6
238:1,9,3,4,6,7,2,9,1,9,6,7,1,3,3,6,7,8,8,6,2,5,5,6,2,8,7,7,6,6
239:7,3,8,8,3,6,3,5,5,4,5,7,5,3,1,3,8,1,2,9,8,7,2,9,9,2,5,7,8,4
240:2,3,5,3,1,9,8,9,9,3,9,9,6,4,4,9,5,2,5,9,7,6,3,8,9,9,7,3,1,4
241:1,7,8,4,2,9,1,6,9,2,1,6,4,7,8,9,8,2,1,2,2,2,6,7,6,5,2,6,8,8
242:7,3,4,4,1,1,5,8,7,8,8,1,1,5,2,8,2,9,5,1,3,6,5,9,8,8,7,2,9,7
243:1,5,7,6,4,7,5,9,1,7,8,4,9,6,5,2,4,8,5,9,2,1,7,9,8,2,9,9,3,4
244:2,8,4,2,4,3,6,1,2,2,5,7,4,9,1,6,5,7,8,3,7,3,3,1,5,1,8,8,4,6
245:7,5,4,4,5,5,3,3,5,9,4,6,1,4,2,8,5,2,6,2,6,3,9,2,1,4,4,3,9,3
246:5,5,3,4,9,4,8,1,7,9,5,4,2,5,5,5,8,8,1,7,8,7,3,5,8,4,2,6,1,3
247:1,2,5,4,7,3,3,9,4,2,9,6,5,5,6,3,2,3,3,9,6,4,6,7,5,3,4,6,1,6
248:4,2,9,6,8,8,3,4,2,4,9,3,2,9,8,6,2,9,9,7,6,3,4,4,7,8,6,2,5,1
249:9,9,6,7,1,7,2,5,4,2,3,8,3,1,8,6,4,3,3,5,6,4,5,4,6,9,5,4,7,5
250:8,1,7,1,9,1,9,6,1,8,9,8,7,1,2,9,4,3,4,9,3,5,3,7,1,7,6,9,6,8
251:2,6,4,4,5,7,9,8,1,2,3,1,1,5,7,5,1,4,3,2,1,5,6,1,9,8,4,2,7,1
252:8,2,3,1,1,4,5,5,7,8,4,7,9,5,4,2,8,8,9,3,7,3,4,4,8,1,6,1,4,5
253:3,8,2,9,7,6,9,3,3,3,7,5,7,6,9,8,4,4,5,8,3,1,7,8,1,2,5,7,3,6
254:5,9,7,5,7,4,6,2,3,6,2,3,7,9,5,5,7,4,7,2,7,1,1,8,4,1,3,3,1,9
255:4,3,9,5,3,2,1,9,9,5,1,7,3,1,1,9,8,1,4,6,6,9,1,3,2,5,2,8,5,4
256:9,5,3,5,7,1,7,9,8,6,3,5,4,7,7,6,3,6,8,3,6,6,8,5,3,1,1,5,3,2
257:4,1,1,4,5,3,5,5,6,5,9,3,2,8,3,6,2,1,2,1,3,8,5,5,8,3,6,7,3,1
258:3,3,5,9,6,1,6,2,8,7,3,3,3,5,8,2,1,6,7,8,2,5,1,8,3,5,2,1,8,2
259:5,4,8,5,4,8,6,3,6,7,9,2,6,3,6,9,3,3,9,9,6,7,9,2,1,4,5,5,5,8
260:5,8,2,3,5,1,1,8,3,8,8,7,2,4,9,2,5,8,9,1,8,9,2,7,9,9,1,1,3,6
261:1,4,2,3,1,9,4,5,3,7,3,5,8,7,6,5,7,1,4,8,9,8,1,1,9,4,9,7,1,5
262:9,6,3,7,6,7,2,3,7,6,3,8,6,9,6,7,7,1,9,4,8,6,4,6,6,9,3,2,6,5
263:5,2,5,7,3,4,5,8,6,3,7,5,7,5,5,4,5,8,3,5,6,9,5,1,2,3,9,9,2,6
264:9,1,1,8,9,9,9,6,6,4,9,7,6,7,2,9,3,7,4,8,6,3,1,6,8,7,2,5,9,1
265:8,4,4,9,8,4,2,1,1,1,3,1,7,8,2,2,1,2,4,1,3,8,7,1,5,3,3,5,4,2
266:8,9,2,7,4,8,5,8,8,6,6,1,8,3,4,2,5,2,1,8,9,3,7,6,2,6,6,1,8,4
267:2,4,8,4,7,7,5,5,8,7,1,6,1,8,4,7,2,4,8,5,7,7,9,1,1,1,5,7,4,8
268:4,4,9,8,1,9,1,4,7,2,8,9,5,3,7,9,5,4,4,7,6,5,2,1,1,9,2,7,1,2
269:4,8,2,7,8,7,6,7,6,9,7,6,7,3,8,3,6,1,8,7,9,5,2,1,5,7,1,2,2,4
270:9,6,7,7,9,7,6,9,3,3,1,6,7,2,8,6,9,8,3,6,6,7,5,1,3,2,3,9,5,5
271:6,5,1,5,2,6,8,3,7,1,7,1,6,7,4,3,2,5,9,8,1,1,6,4,6,9,3,4,1,3
272:4,1,3,6,8,2,9,4,1,4,9,7,7,7,6,2,1,2,5,6,8,9,7,9,6,8,4,2,1,4
273:8,7,1,1,9,9,7,1,8,1,8,9,1,2,5,2,4,4,9,7,4,4,2,2,7,1,6,9,8,4
274:9,4,8,5,6,8,8,2,2,7,7,5,8,2,3,4,5,5,6,3,3,3,7,8,4,1,3,3,4,9
275:8,9,8,5,4,9,6,1,5,3,3,8,4,8,1,8,9,2,3,8,8,5,2,2,2,1,8,9,3,7
276:1,1,1,4,8,2,3,3,2,6,5,4,5,2,1,8,3,7,5,1,5,2,5,8,9,9,8,8,3,7
277:7,7,2,9,2,6,1,1,4,6,1,7,9,3,8,9,9,3,9,5,4,3,5,2,9,3,5,3,6,5
278:9,7,9,7,8,1,4,3,6,7,7,1,6,7,2,9,9,8,7,5,9,3,3,4,2,3,4,8,8,7
279:1,1,9,8,8,3,5,8,4,4,1,5,6,6,8,7,6,2,3,2,3,6,7,5,3,6,6,5,3,7
280:6,4,8,2,7,5,1,9,1,8,3,6,1,9,4,3,8,6,8,2,8,8,1,4,2,4,9,1,7,1
281:9,1,4,9,9,1,1,6,2,5,3,5,1,3,5,6,1,3,7,1,3,7,2,1,2,5,8,5,7,3
282:5,2,5,7,3,4,5,8,6,3,7,5,7,5,5,4,5,8,3,5,6,9,5,1,2,3,9,9,2,6
283:8,6,7,8,3,9,9,7,8,4,3,3,4,5,7,8,1,1,5,5,5,4,5,5,7,9,2,1,9,5
284:1,4,5,2,1,6,8,4,3,6,1,1,2,2,9,2,9,8,5,8,4,1,5,8,9,1,3,6,9,8
285:8,2,1,2,2,7,6,2,1,9,4,2,3,5,9,1,2,7,1,2,7,3,1,5,3,2,7,2,5,4
286:5,1,2,8,4,8,2,9,9,8,9,1,1,7,5,5,8,1,8,2,4,7,5,5,3,9,6,7,7,4
287:9,7,6,1,4,6,7,4,5,5,1,5,2,2,2,6,5,6,8,9,1,6,1,3,2,8,3,6,4,2
288:5,4,3,4,4,2,5,7,9,1,6,5,5,7,7,2,5,6,9,5,4,4,9,9,2,6,6,4,3,7
289:6,1,6,1,8,1,5,4,2,8,3,9,8,6,9,8,3,5,3,7,3,2,7,9,5,8,3,3,6,6
290:6,1,6,1,8,1,5,4,2,8,3,9,8,6,9,8,3,5,3,7,9,2,7,9,5,8,3,3,6,6
291:6,2,4,2,5,5,5,3,3,3,4,1,3,7,8,7,7,7,2,7,6,6,1,7,1,3,2,3,7,4
292:1,9,5,2,7,6,5,4,5,7,9,3,1,4,7,9,8,1,1,3,5,4,5,1,3,1,8,6,2,6
293:7,2,1,9,9,4,6,4,1,9,1,2,6,5,2,8,1,6,3,4,7,4,4,3,9,7,6,4,5,1
294:4,3,5,7,1,7,5,2,1,5,2,6,7,3,8,1,5,4,4,1,4,3,8,8,9,2,8,2,2,5
295:3,6,2,1,7,5,1,3,5,5,2,9,9,5,2,5,5,2,3,4,8,7,2,8,8,8,5,3,8,1
296:2,9,6,3,3,9,4,7,5,8,7,1,8,7,8,9,7,3,2,9,4,4,3,2,5,9,3,5,4,3
297:2,9,8,7,7,3,9,6,5,7,1,7,6,2,1,1,4,7,2,1,1,3,8,4,7,3,4,6,4,3
298:5,5,8,8,9,6,1,5,9,9,9,8,6,9,9,7,7,7,4,5,1,9,5,4,2,8,2,1,3,7
299:8,4,9,8,2,7,6,4,6,5,7,6,9,4,8,6,1,6,3,3,6,8,8,4,9,7,1,5,3,8
300:6,2,8,3,6,5,2,1,8,4,9,3,3,6,9,1,2,3,1,2,9,6,3,8,5,5,8,2,7,1
301:6,2,8,3,6,5,2,1,8,4,9,3,3,6,9,1,2,3,1,2,9,6,3,8,5,5,8,2,3,1
302:1,3,2,8,5,1,9,2,4,5,2,2,8,1,8,1,4,5,6,1,8,4,1,4,6,2,9,7,3,7
303:1,1,2,1,4,3,1,9,7,3,8,8,8,3,9,9,4,7,2,2,1,8,8,9,5,7,9,5,1,8
304:5,6,3,7,1,4,6,8,7,6,7,8,3,8,6,5,2,1,6,2,9,9,8,8,9,4,6,5,8,1
305:8,2,6,8,9,1,3,7,4,1,2,8,7,4,2,2,9,3,6,4,4,9,4,5,6,9,1,3,9,7
306:5,6,9,7,8,6,7,4,2,3,1,3,5,7,2,1,7,6,7,6,2,5,5,3,6,2,6,2,7,5
307:6,3,7,8,4,8,3,6,7,2,2,5,1,4,6,1,8,4,1,6,2,2,6,6,3,1,4,5,2,7
308:2,2,5,4,2,8,3,7,4,9,3,7,2,3,9,8,5,3,2,3,6,4,3,4,9,3,7,5,5,3
309:2,8,4,2,4,3,6,1,2,2,5,7,4,9,1,6,5,7,8,3,7,3,3,1,5,1,8,8,4,5
310:8,4,4,9,7,8,3,7,3,6,4,4,9,2,8,8,6,7,5,5,1,8,7,6,7,5,7,4,9,2
311:1,2,5,4,7,3,3,9,4,2,9,6,5,5,6,3,2,3,3,9,6,4,6,7,5,3,4,6,1,9
312:9,3,4,4,4,5,9,6,4,6,9,4,1,2,5,9,2,3,9,6,7,7,5,3,3,5,8,5,7,5
313:3,8,2,9,7,6,9,3,3,3,7,5,7,6,9,8,4,4,5,8,3,1,7,8,1,2,5,6,3,6
314:9,5,3,5,7,1,7,9,8,6,3,5,4,7,7,6,3,6,8,8,6,6,8,5,3,1,1,5,3,2
315:1,9,5,2,7,6,5,4,5,7,9,3,1,4,7,9,8,1,1,3,5,4,5,1,3,1,8,6,2,3
316:3,5,4,7,8,9,6,7,7,7,4,3,5,3,2,7,2,6,5,1,6,1,6,4,1,8,1,6,4,4
317:7,1,4,6,4,3,4,7,6,9,2,4,1,4,2,6,2,4,7,7,5,5,4,2,8,1,6,4,7,3
318:8,5,6,7,6,7,7,8,6,2,2,8,5,6,7,5,9,6,1,6,8,6,6,9,8,4,9,2,8,9
319:8,4,5,6,8,2,1,9,8,5,7,8,5,1,1,5,3,9,7,3,6,2,9,6,2,2,5,2,5,2
320:4,4,9,8,2,4,9,9,9,4,5,2,6,1,1,2,5,8,3,3,1,8,4,4,4,6,7,5,3,3
321:5,7,5,2,6,6,6,7,6,6,8,5,3,3,6,1,9,1,3,9,9,5,7,1,2,1,9,5,7,4
322:4,9,2,8,9,9,1,2,3,3,8,3,8,8,7,7,4,4,6,3,4,3,4,3,8,4,5,1,1,6
323:1,9,6,5,2,6,6,2,7,5,8,4,5,8,7,8,9,9,8,1,2,3,4,5,3,9,3,4,5,5
324:7,7,2,9,2,6,1,1,4,6,1,7,9,3,8,9,9,3,9,5,4,3,5,2,9,3,5,3,6,6
325:9,4,9,1,1,7,7,4,1,4,3,3,6,2,5,4,2,7,4,6,9,6,4,5,7,9,7,9,8,8
326:5,7,5,6,6,6,6,7,6,6,8,5,3,3,6,1,9,1,3,9,9,5,7,1,2,1,9,5,7,4
327:6,9,5,6,5,8,2,5,1,9,6,9,1,8,9,5,8,4,7,6,2,7,2,6,9,8,4,7,8,9
328:1,8,2,9,7,7,2,7,8,8,4,4,3,9,9,2,4,6,5,4,9,3,4,4,1,4,8,9,4,4
329:9,7,9,6,2,8,8,3,8,6,4,5,1,9,5,3,4,7,6,6,4,9,7,6,4,4,5,3,3,9
330:3,2,5,4,2,9,2,4,4,1,8,9,4,7,3,2,1,8,9,5,4,2,7,2,4,3,9,1,6,8
331:3,6,6,8,8,5,8,7,2,5,9,2,1,3,7,7,6,6,5,7,9,6,3,2,6,3,5,6,5,2
332:1,6,7,3,6,5,5,1,6,3,8,6,8,4,1,1,7,1,8,3,7,9,1,5,6,2,3,6,1,2
333:7,7,3,2,1,4,7,8,1,7,4,1,2,1,4,7,2,4,6,4,6,6,5,4,6,5,8,3,6,8
334:4,1,2,4,8,1,9,2,6,6,5,5,2,6,3,8,2,3,4,4,8,9,8,6,3,9,7,1,7,1
335:5,2,6,3,5,8,9,9,9,5,9,9,2,9,1,8,3,8,3,5,2,2,5,5,7,5,5,8,2,8
336:6,6,2,6,5,4,4,9,2,8,8,4,4,3,4,2,3,2,5,6,1,5,3,9,4,3,3,3,1,1
337:6,2,8,3,6,5,2,1,8,4,9,3,3,6,9,1,2,3,1,2,9,6,3,8,5,5,8,2,3,6
338:9,4,3,9,5,8,1,9,4,3,2,1,2,6,5,3,1,6,1,4,6,2,9,1,8,1,7,2,7,3
339:2,8,4,2,4,3,6,1,2,2,5,5,4,9,1,6,5,7,8,3,7,3,3,1,5,1,8,8,4,6
340:3,5,4,7,8,9,7,7,7,7,4,3,5,3,2,7,2,6,5,1,6,1,6,4,1,8,1,6,4,4
341:6,9,2,8,9,9,1,2,3,3,8,3,8,8,7,7,4,4,6,3,4,3,4,3,8,4,5,1,1,6
342:8,1,1,8,6,1,5,6,3,1,2,8,8,6,9,6,5,7,8,2,5,8,7,2,1,1,9,5,3,8
343:3,9,8,4,1,6,7,9,6,2,8,2,1,2,1,8,8,9,5,5,8,8,5,2,6,6,5,5,8,1
344:3,4,2,3,6,2,1,9,1,7,7,1,6,9,8,4,7,6,1,3,6,5,9,1,7,1,7,1,7,8
345:7,3,8,8,6,2,3,4,5,9,8,4,1,5,6,2,2,3,3,6,2,3,5,5,2,4,7,1,7,9
346:8,6,5,5,3,7,1,4,9,5,9,2,6,3,1,9,4,2,5,7,7,3,9,5,6,3,9,7,4,9
347:8,4,5,6,8,2,1,9,8,9,7,8,5,1,1,5,3,9,7,3,6,2,9,6,2,2,5,2,5,2
348:5,7,3,1,6,3,4,7,8,3,1,5,2,2,9,7,8,2,9,5,6,6,8,8,5,4,1,3,5,8
349:7,7,3,9,3,8,7,6,9,2,7,6,2,1,4,4,7,7,4,6,9,9,9,9,9,4,7,6,5,2
350:4,8,4,9,6,6,3,8,1,9,6,1,4,9,1,9,4,3,7,2,9,1,7,9,4,5,1,2,5,1
351:1,8,1,5,2,6,8,4,3,1,3,4,2,2,2,7,6,4,4,5,9,3,5,4,8,8,1,9,6,3
352:7,2,9,7,5,3,5,3,5,9,3,4,3,6,9,5,6,6,5,8,7,7,7,7,3,3,2,4,5,7
353:9,2,6,9,6,5,3,3,8,1,9,6,2,2,5,6,4,9,8,5,8,2,7,2,7,2,3,1,8,1
354:2,2,2,1,1,2,3,1,9,6,1,6,6,7,2,1,2,5,8,6,2,9,3,6,3,2,7,4,5,7
355:9,4,3,9,5,8,1,9,4,3,2,7,2,6,5,3,1,6,1,4,6,2,9,1,8,1,7,2,7,5
356:4,5,6,9,6,1,6,7,9,5,4,5,8,7,6,6,7,9,6,2,1,5,8,6,6,6,1,3,5,9
357:6,9,2,8,9,9,1,2,3,3,8,3,8,8,7,7,4,4,6,3,4,3,4,3,8,4,5,1,1,3
358:4,5,5,3,6,1,6,7,6,2,1,7,6,5,9,4,8,3,3,2,9,6,4,7,7,8,4,7,3,5
359:3,8,2,9,7,6,9,3,3,3,7,5,7,6,9,8,4,4,5,8,3,1,7,8,1,2,5,7,3,8
360:9,1,7,8,6,9,3,4,7,9,3,4,7,7,9,9,7,3,1,8,1,6,6,6,2,9,6,5,6,6
361:7,4,4,3,5,5,1,1,2,6,5,1,6,6,8,2,5,8,8,5,1,6,8,4,1,7,2,5,6,5
362:8,9,1,7,6,7,2,8,8,5,7,4,7,1,4,8,2,1,2,8,1,1,4,5,4,8,7,3,2,5
363:4,8,6,6,4,3,2,8,1,9,6,4,4,3,8,1,8,1,8,4,4,3,8,1,8,2,7,9,2,8
364:7,2,4,6,6,7,6,4,3,2,6,9,7,6,9,6,1,5,6,6,8,8,1,3,6,6,3,9,5,1
365:3,6,8,6,1,7,1,7,6,5,6,6,6,6,4,1,9,3,2,6,2,5,5,7,9,6,2,4,2,4
366:4,5,9,9,1,6,8,6,8,3,3,2,5,6,7,5,5,3,8,2,3,2,6,9,6,7,1,3,9,5
367:5,2,6,2,2,4,9,6,4,9,9,2,8,2,7,7,5,8,3,8,2,9,8,2,9,7,2,2,6,1
368:2,7,4,9,9,6,2,6,3,7,9,6,2,6,6,6,6,1,6,7,5,6,9,1,4,2,5,8,2,8
369:1,3,4,4,3,9,2,5,2,4,3,7,1,6,1,9,1,5,5,6,8,1,5,4,4,4,2,1,9,7
370:3,5,1,4,9,7,8,3,1,4,5,2,4,6,4,1,7,5,4,3,4,4,9,7,5,1,2,8,4,3
371:6,3,7,8,4,8,3,6,7,2,2,5,1,4,6,1,8,2,1,6,2,2,6,6,3,1,4,5,2,7
372:9,8,6,1,4,6,7,4,5,5,1,5,2,2,2,6,5,6,8,9,1,6,1,3,2,8,3,6,4,2
373:9,6,9,3,8,9,6,6,7,8,9,3,2,7,3,4,6,2,7,5,6,6,7,2,2,7,9,9,9,2
374:3,5,4,7,8,9,7,7,7,7,4,3,5,3,2,7,2,6,5,1,6,1,6,4,1,8,1,6,4,5
375:5,1,2,8,4,8,2,9,9,8,4,1,1,7,5,5,8,1,8,2,4,7,5,5,3,9,6,7,7,6
376:8,8,1,3,8,5,5,5,2,3,2,4,8,3,2,6,7,7,1,4,2,6,8,6,8,8,5,1,2,7
377:2,9,2,5,4,4,9,9,8,4,3,6,5,8,5,7,6,5,5,2,8,4,3,9,6,4,7,8,5,9
378:5,9,7,6,3,4,5,9,2,6,1,2,7,4,8,2,6,2,2,8,1,6,9,7,6,8,6,2,5,1
379:1,8,1,5,2,6,8,4,3,1,3,4,2,2,2,7,6,4,4,5,9,3,5,4,8,8,1,3,6,3
380:1,1,9,8,8,3,5,8,4,4,1,5,6,6,8,7,6,2,3,2,3,6,7,5,3,6,6,5,3,6
381:5,4,8,5,4,8,6,3,6,7,9,2,6,3,6,9,3,3,9,9,6,7,9,2,1,4,7,5,5,5
382:9,2,5,1,5,2,8,3,3,1,4,9,1,3,2,3,4,3,8,5,9,1,1,7,4,7,8,6,1,7
383:7,3,7,7,8,6,8,4,8,1,4,6,8,8,9,2,1,1,7,8,4,7,7,4,3,4,9,3,8,8
384:3,6,2,1,7,5,1,3,5,5,2,9,9,5,2,5,5,2,3,4,8,7,2,8,8,8,5,3,8,8
385:1,3,2,8,5,1,1,2,4,5,2,2,8,1,8,1,4,5,6,1,8,4,1,4,6,2,9,7,3,4
386:1,4,9,8,9,1,6,9,3,9,1,6,7,5,6,3,6,4,3,3,3,9,5,8,5,6,3,9,7,9
387:2,7,8,7,1,1,7,2,7,8,8,6,9,3,8,8,2,4,4,8,3,6,2,4,1,8,5,1,2,4
388:9,2,7,8,7,8,3,5,9,9,9,2,1,6,5,9,4,5,4,1,3,5,8,2,3,8,5,3,7,8
389:5,8,2,3,5,1,1,8,3,8,8,7,2,4,9,2,5,8,9,1,8,9,2,7,9,9,1,1,3,8
390:8,1,8,7,8,5,2,1,6,1,6,2,8,4,5,5,1,6,8,9,7,1,5,5,8,7,4,2,2,1
391:1,8,1,5,2,6,8,4,3,1,3,4,2,2,2,7,6,4,4,5,9,3,5,4,8,8,1,9,6,8
392:1,3,4,4,3,9,2,5,2,4,3,7,1,6,1,9,1,5,5,6,8,1,8,4,4,4,2,1,9,7
393:9,5,6,1,3,7,5,8,7,5,5,3,1,7,3,3,5,5,9,2,8,1,9,3,3,4,2,3,1,2
394:1,4,6,4,7,1,1,4,7,8,4,8,7,9,5,3,6,3,3,2,9,3,4,9,7,8,2,8,5,8
395:3,5,1,9,4,9,4,3,6,7,2,5,7,4,9,6,5,7,4,8,8,2,7,3,2,5,1,1,6,6
396:5,3,8,2,6,1,9,4,4,9,6,7,5,9,8,8,2,2,9,8,7,3,8,5,2,1,5,6,5,6
397:5,1,2,4,5,8,3,9,8,7,1,5,5,3,5,8,5,7,5,6,4,3,8,2,9,1,6,8,8,8
398:9,2,6,9,1,5,3,3,8,1,9,6,2,2,5,6,4,9,8,5,8,2,7,2,7,2,3,1,8,1
399:9,2,5,1,5,8,8,3,3,1,4,9,1,3,2,3,4,3,8,5,9,1,1,7,4,7,8,6,1,9
400:8,3,4,4,9,1,2,7,7,7,6,2,3,1,2,7,2,9,8,2,8,2,4,8,5,4,4,8,7,5
401:7,1,4,8,9,6,9,6,4,9,8,1,1,8,3,1,1,1,9,5,8,3,4,2,5,5,3,4,4,3
402:4,4,2,7,5,2,3,6,3,5,1,9,3,8,7,9,5,3,3,2,4,1,3,5,5,3,5,8,6,6
403:7,3,8,6,7,5,9,1,4,1,6,4,5,8,9,1,2,7,7,1,1,1,5,1,5,9,8,5,8,2
404:3,7,2,7,3,2,7,5,6,9,1,1,5,5,5,6,4,2,6,9,5,8,9,1,5,5,4,2,6,3
405:6,4,6,5,7,1,7,8,3,3,3,1,2,3,7,5,8,6,4,5,7,3,2,2,5,7,8,4,3,2
406:5,4,8,5,4,8,6,3,6,7,9,2,6,3,6,9,3,3,9,9,6,7,9,2,1,4,5,5,5,5
407:9,7,3,2,7,4,9,6,2,4,1,1,5,5,6,9,7,4,3,5,9,6,6,9,8,1,8,5,4,2
408:7,8,4,3,3,1,4,4,9,6,5,6,3,5,2,3,3,5,8,8,8,3,3,7,1,7,8,8,2,6
409:3,5,1,4,9,7,8,3,1,4,5,2,4,6,4,1,7,5,4,3,4,4,9,7,5,1,2,8,4,8
410:2,9,6,3,3,8,4,7,5,8,7,1,8,7,8,9,7,3,2,9,4,4,3,2,5,9,3,5,4,7
411:5,6,9,7,8,6,7,4,2,3,1,3,5,7,2,1,7,6,7,6,2,5,5,3,6,2,6,2,7,5
412:4,8,4,4,8,4,6,4,5,4,3,1,4,1,9,5,6,6,2,1,1,4,4,7,2,7,5,9,4,5
413:8,4,1,6,2,5,7,1,1,2,4,7,4,5,4,9,7,3,6,3,1,4,9,5,8,4,6,1,6,2
414:8,6,5,6,3,9,7,7,9,9,8,1,4,9,9,9,4,5,5,6,9,6,3,5,3,7,9,4,7,9
415:9,4,9,1,1,7,7,4,1,4,3,3,6,2,5,4,2,7,4,6,3,6,4,5,7,9,7,9,8,6
416:1,8,3,8,2,8,8,2,5,7,1,7,5,9,7,5,3,1,3,2,9,9,4,5,2,7,5,2,7,9
417:6,7,2,9,1,6,6,9,6,1,6,4,3,2,3,2,8,4,1,7,6,4,3,2,1,6,5,5,5,8
418:4,4,9,2,2,4,9,9,9,4,5,2,6,1,1,2,5,8,3,3,1,8,4,4,4,6,7,5,3,3
419:8,8,4,8,4,3,5,2,1,7,7,4,4,8,1,1,4,2,8,1,6,8,6,9,1,2,3,3,8,9
420:2,3,2,4,8,2,7,6,8,3,6,4,5,3,8,4,9,3,7,5,3,7,7,2,8,8,2,4,2,4
421:1,6,1,6,4,9,4,1,5,4,2,3,6,9,8,6,6,4,5,6,1,1,8,6,2,6,5,2,8,7
422:2,7,8,7,1,1,7,2,7,8,8,6,5,3,8,8,2,4,4,8,3,6,2,4,1,8,5,1,2,4
423:4,3,4,1,3,6,2,5,5,4,8,6,8,7,6,9,1,1,9,2,8,5,4,8,2,2,7,2,5,6
424:9,2,1,8,8,3,2,4,2,7,7,8,8,6,7,7,6,3,3,9,9,1,5,9,5,8,8,2,3,7
425:7,5,4,4,5,5,3,3,5,9,4,6,1,4,2,8,5,2,6,2,6,3,9,2,8,4,4,3,9,3
426:5,7,5,6,6,6,6,7,6,6,8,5,3,3,6,1,9,1,3,9,9,5,7,1,2,1,9,5,7,4
427:5,6,6,1,9,9,1,4,3,6,1,4,7,2,7,5,6,5,6,5,8,3,8,7,1,7,6,8,3,9
428:2,3,5,3,1,4,8,5,3,7,2,7,5,6,3,9,1,8,5,1,3,4,9,5,3,1,5,9,4,8
429:7,9,8,7,7,3,9,6,5,7,1,7,6,2,1,1,4,7,2,1,1,3,8,4,7,3,4,6,4,3
430:3,5,4,3,8,9,6,3,5,3,6,1,3,8,3,8,4,1,1,6,8,2,1,5,3,1,1,2,5,1
431:5,9,7,5,7,4,9,2,3,6,2,3,7,9,5,5,7,4,7,2,7,1,1,8,4,1,3,3,1,9
432:5,4,6,1,4,8,9,5,8,5,2,7,1,3,1,1,1,1,4,5,1,7,6,9,5,2,7,7,9,8
433:1,3,4,4,3,9,2,5,2,4,3,7,1,6,1,9,1,5,5,6,8,1,8,4,4,4,2,1,9,2
434:1,4,3,4,5,9,1,1,1,6,5,4,3,9,1,3,5,4,6,8,6,7,6,8,5,5,8,5,4,1
435:8,8,6,8,8,1,4,6,1,9,7,1,3,9,3,9,8,4,2,2,9,3,6,6,4,5,8,9,7,2
436:7,4,1,4,2,1,7,9,3,4,7,4,9,9,7,6,3,3,2,4,7,1,5,1,1,3,2,3,3,5
437:3,4,2,3,6,2,1,9,1,7,7,1,6,9,8,4,7,6,1,1,6,5,9,1,7,1,7,1,7,8
438:9,3,4,7,9,2,6,9,6,5,9,2,8,2,4,3,9,1,4,5,8,7,9,4,6,3,1,5,5,3
439:4,9,4,8,8,8,6,9,8,2,5,9,5,6,9,1,1,5,6,1,8,9,3,7,6,7,6,6,4,5
440:1,4,2,3,1,9,4,5,3,7,3,5,8,7,6,5,7,1,4,8,9,8,1,1,9,4,9,7,1,5
441:5,9,1,5,8,6,3,7,7,1,8,5,5,6,4,6,7,1,4,4,9,5,3,7,4,4,7,4,6,2
442:4,3,5,7,1,7,5,2,1,5,2,6,7,3,8,1,5,4,4,1,4,3,8,8,9,2,8,2,2,5
443:1,9,6,5,2,6,6,2,7,5,8,4,5,8,7,8,9,9,8,1,2,3,4,5,3,9,3,4,5,5
444:8,9,1,2,4,7,5,1,3,4,7,8,8,8,6,5,6,9,5,2,1,3,4,2,6,6,6,3,4,2
445:3,7,3,6,2,9,6,8,2,2,4,1,5,5,6,1,1,2,4,2,5,4,5,5,9,3,9,2,7,5
446:1,1,6,6,3,2,4,6,1,5,9,9,8,6,7,9,5,8,1,2,5,5,9,3,1,4,1,9,1,7
447:4,6,9,7,8,6,7,4,2,3,1,3,5,7,2,1,7,6,7,6,2,5,5,3,6,2,6,2,7,5
448:5,8,1,5,4,8,3,1,3,7,7,5,8,8,5,5,1,5,7,9,8,6,6,2,6,6,4,8,6,4
449:7,7,6,8,1,7,2,4,5,1,3,4,2,1,7,1,5,7,3,7,3,6,9,6,3,5,9,7,6,6
450:9,6,8,1,9,3,3,7,5,8,9,6,9,4,8,8,7,5,2,3,7,3,1,7,7,1,5,2,1,3
451:2,1,1,2,1,3,6,2,8,8,2,6,2,5,6,9,9,7,6,3,7,9,9,1,1,5,8,8,1,6
452:3,8,1,6,9,1,3,4,4,5,5,8,2,9,7,6,9,4,2,4,4,6,3,2,8,8,5,1,4,8
453:9,4,9,1,1,7,7,4,1,4,3,3,6,2,5,4,2,7,4,6,3,6,4,5,7,9,7,9,8,8
454:7,1,4,6,4,3,4,7,6,9,2,4,1,4,2,6,2,4,7,7,5,5,4,2,8,1,6,4,2,7
455:3,3,5,9,6,1,6,2,8,7,3,3,3,5,8,2,1,6,7,2,2,5,1,8,3,5,2,1,8,2
456:1,9,5,2,7,7,5,4,5,7,9,3,1,4,7,9,8,1,1,3,5,4,5,1,3,1,8,6,2,3
457:2,6,5,6,8,7,5,5,9,3,9,6,5,1,3,2,8,2,5,5,2,5,8,1,5,9,1,9,8,9
458:4,4,9,8,2,4,9,9,9,4,5,2,6,1,1,2,5,8,3,3,1,8,4,4,4,6,7,5,3,4
459:3,3,9,2,9,6,6,4,4,6,1,3,2,2,1,4,2,1,8,2,3,8,7,3,1,4,4,2,4,9
460:4,8,1,9,6,4,5,4,1,6,9,7,6,2,6,2,6,1,2,2,6,5,4,1,2,6,6,2,4,6
461:3,3,5,8,9,1,6,7,2,3,5,6,5,1,1,9,6,2,8,7,6,4,7,9,9,2,5,9,5,6
462:5,8,1,5,4,8,3,1,3,7,7,5,8,8,5,5,1,5,7,9,8,6,6,2,6,6,4,8,6,3
463:3,2,2,4,4,5,7,3,6,5,8,2,4,4,5,2,3,8,8,5,8,3,3,8,2,2,5,7,1,7
464:8,6,5,6,3,9,7,7,9,9,8,1,4,9,9,9,3,5,5,6,9,6,3,5,3,7,9,4,7,6
465:1,1,2,1,4,3,1,9,7,3,8,8,8,3,9,9,4,7,2,2,1,8,8,8,5,7,9,5,1,8
466:2,2,3,5,9,7,8,3,9,6,4,6,2,6,3,4,5,2,7,1,8,4,7,5,9,8,7,7,3,4
467:4,5,4,9,6,1,6,7,9,5,4,5,8,7,6,6,7,9,6,2,1,5,8,6,6,6,1,3,5,2
468:8,8,8,2,4,9,5,4,8,3,3,4,2,8,6,8,3,3,4,4,2,8,5,2,3,9,6,4,6,7
469:9,4,8,5,6,8,8,2,2,7,7,5,8,2,3,4,5,5,6,3,3,3,7,8,4,1,3,3,4,7
470:3,2,2,4,4,5,7,3,6,5,8,2,4,4,5,2,3,8,8,5,8,3,3,8,2,9,5,7,1,7
471:6,8,3,9,9,2,5,3,9,4,9,2,1,4,9,8,2,7,1,7,4,1,9,5,4,3,4,4,6,2
472:7,2,2,8,5,4,1,7,2,1,2,5,6,7,5,7,9,5,7,5,2,1,4,6,6,1,5,7,7,4
473:4,2,9,8,3,3,7,6,8,7,2,2,4,9,4,1,6,2,7,8,8,3,9,1,7,6,7,5,2,5
474:8,4,9,4,8,3,5,6,9,4,9,8,5,7,8,6,8,2,5,5,5,1,5,5,6,5,6,6,9,9
475:5,2,6,3,5,8,9,9,9,5,9,9,2,9,1,8,3,8,3,5,2,2,5,5,7,5,4,8,2,6
476:9,6,2,7,6,7,2,3,7,6,3,8,6,9,6,7,7,1,9,4,8,6,4,6,6,9,3,2,6,4
477:3,7,5,2,4,5,4,7,3,5,6,6,9,8,4,7,2,5,7,7,5,3,1,4,3,8,5,2,8,8
478:4,6,1,6,4,9,4,1,5,4,2,3,6,9,8,6,6,4,5,6,1,1,8,6,2,6,5,2,8,7
479:5,2,6,2,2,4,9,6,4,9,9,2,8,2,7,7,5,8,3,8,2,9,8,2,9,7,2,2,6,8
480:5,7,7,5,7,9,6,4,9,6,5,7,5,4,8,7,8,3,8,6,4,5,9,9,6,9,2,1,2,2
481:2,1,1,3,8,7,5,7,6,3,4,7,6,6,6,4,9,5,1,2,6,9,7,2,2,7,4,8,7,2
482:1,1,2,1,4,3,1,9,7,3,8,8,8,3,9,9,4,7,2,2,1,8,8,9,5,7,9,5,1,8
483:7,4,1,6,3,7,6,1,7,3,6,1,6,2,3,6,6,1,2,2,8,9,9,1,5,9,1,4,2,2
484:5,2,6,2,2,4,9,6,4,9,9,2,8,4,7,7,5,8,3,8,2,9,8,2,9,7,2,2,6,8
485:3,6,2,9,9,9,8,7,7,6,6,6,9,3,3,4,1,1,8,3,1,8,6,6,4,8,3,3,5,4
486:7,7,3,2,1,4,7,8,2,7,4,1,2,1,4,7,2,4,6,4,6,6,5,4,6,5,8,3,6,4
487:7,8,4,9,9,2,2,8,8,4,2,7,5,6,4,8,7,9,7,8,7,6,3,9,3,3,3,6,4,4
488:1,8,7,5,3,9,2,4,2,2,2,7,3,8,4,7,9,2,4,4,2,1,1,8,4,5,7,3,4,7
489:6,5,3,4,3,5,9,6,6,3,7,6,8,3,8,5,9,9,6,4,1,6,6,9,9,7,6,1,6,2
490:5,7,6,6,2,6,2,6,7,1,4,7,3,1,6,1,1,8,7,6,7,5,5,3,4,6,4,6,5,3
491:6,8,3,9,9,2,5,3,9,4,9,2,1,4,9,8,2,7,1,7,4,1,9,5,4,3,4,4,6,5
492:3,5,8,8,2,3,9,7,8,7,1,4,3,9,5,7,2,9,8,5,1,3,4,8,9,1,8,4,2,1
493:6,8,1,7,3,9,8,3,4,1,4,9,8,8,1,5,9,8,2,3,9,8,8,5,4,2,1,1,8,5
494:6,3,7,7,4,2,1,7,6,3,1,3,8,4,5,3,4,5,2,9,5,3,9,8,6,4,4,2,6,5
495:7,2,2,9,6,3,2,6,9,7,4,2,8,3,1,6,1,4,9,8,9,6,5,3,5,7,2,7,8,3
496:5,2,6,3,5,8,9,9,9,5,9,9,2,9,1,8,3,8,3,5,2,2,5,5,7,5,5,8,2,6
497:2,1,1,3,8,7,5,7,6,3,4,7,6,6,6,4,9,5,1,2,6,9,7,2,2,7,4,8,7,9
498:6,4,2,9,2,7,7,4,3,1,7,1,7,9,9,6,8,5,8,9,5,2,7,3,7,7,2,6,5,4
499:2,4,8,4,7,7,5,5,8,7,1,6,1,8,4,7,2,4,8,5,7,7,9,1,1,1,5,7,4,3
500:4,1,9,3,7,1,6,6,6,8,3,2,5,9,5,7,7,4,6,7,7,3,5,8,2,8,2,1,6,5